1 87.740
2 40.040
3 26.740
4 23.350
5 16.210
6 13.850
7 12.370
8 10.530
9 9.390
10 8.410
11 7.630
12 7.010
13 6.800
14 6.390
15 5.980
16 5.630
17 5.410
18 4.730
19 4.490
20 4.220
21 4.520
22 4.810
23 4.390
24 4.500
25 4.030
26 4.610
27 4.560
28 4.530
29 4.980
30 5.480
31 4.830
32 5.460
33 4.430
34 4.680
35 5.500
36 4.710
37 3.540
38 3.300
39 3.410
40 3.360
41 3.150
42 3.720
43 5.650
44 5.670
45 5.570
46 5.580
47 5.460
48 5.200
49 5.210
50 4.820
51 4.570
52 2.920
53 2.840
54 2.950
55 2.480
56 2.900
57 2.580
58 2.790
59 2.510
60 2.640
61 2.520
62 2.460
63 2.450
64 2.450
65 2.970
66 3.190
67 2.900
68 3.090
69 2.900
70 2.840
71 2.880
72 2.670
73 2.700
74 2.610
75 2.510
76 2.570
77 2.780
78 2.860
79 4.290
80 4.290
81 4.170
82 4.310
83 4.220
84 4.210
85 4.120
86 4.060
87 4.190
88 3.370
89 2.490
90 2.490
91 2.540
92 2.870
93 2.600
94 2.740
95 2.490
96 2.530
97 2.530
98 2.480
99 2.490
100 2.470
101 2.450
102 2.470
103 2.410
104 2.470
105 2.700
106 2.760
107 2.540
108 2.460
109 2.510
110 2.650
111 2.470
112 2.410
113 2.620
114 2.460
115 2.410
116 2.420
117 2.620
118 2.350
119 2.770
120 2.430
121 2.400
122 2.410
123 2.660
124 2.360
125 2.380
126 2.510
127 2.470
128 2.480
129 2.510
130 2.460
131 2.480
132 2.410
133 2.540
134 2.400
135 2.370
136 2.390
137 2.340
138 2.360
139 2.700
140 2.430
141 2.540
142 2.450
143 2.480
144 2.720
145 2.410
146 2.740
147 2.590
148 2.690
149 2.400
150 2.450
151 2.500
152 2.490
153 2.510
154 4.400
155 4.540
156 4.520
157 4.600
158 4.590
159 4.570
160 4.600
161 4.640
162 4.620
163 4.600
164 4.460
165 4.450
166 4.560
167 3.770
168 2.530
169 2.440
170 2.360
171 2.630
172 3.360
173 3.300
174 3.220
175 3.240
176 3.220
177 3.300
178 3.280
179 3.300
180 3.190
181 3.260
182 3.330
183 3.260
184 3.190
185 3.190
186 3.160
187 3.170
188 3.110
189 2.310
190 2.300
191 2.300
192 2.290
193 2.300
194 2.310
195 2.560
196 2.660
197 2.320
198 3.170
199 3.110
200 3.090
201 3.180
202 3.130
203 3.070
204 3.160
205 3.160
206 3.260
207 3.200
208 3.090
209 3.110
210 3.380
211 3.220
212 3.090
213 3.050
214 3.080
215 3.320
216 3.320
217 3.150
218 3.120
219 3.070
220 3.050
221 3.070
222 3.060
223 3.000
224 3.100
225 3.080
226 3.050
227 3.040
228 3.020
229 3.030
230 3.030
231 3.550
232 3.850
233 3.700
234 3.820
235 3.750
236 3.720
237 3.740
238 3.720
239 3.930
240 3.730
241 3.750
242 3.130
243 2.270
244 2.260
245 2.850
246 2.890
247 2.960
248 2.950
249 2.980
250 2.960
251 2.980
252 3.020
253 2.990
254 3.030
255 2.960
256 2.970
